import pandas as pd

normal_data = {
    "Tempo (s)": list(range(31)),
    "Potência (W)": [
        0, 4200, 7800, 10200, 13800, 14300, 13900, 13200, 12200, 11500,
        11000, 10800, 10500, 10400, 10300, 10200, 10100, 10000, 9900, 9800,
        9700, 9800, 9900, 10000, 10000, 10000, 10000, 10000, 10000, 10000, 10000
    ],
    "Corrente (A)": [
        0.0, 19.9, 37.0, 48.1, 65.3, 67.5, 65.6, 62.3, 57.6, 54.3,
        51.7, 50.8, 49.4, 48.9, 48.5, 48.0, 47.5, 47.0, 46.5, 46.0,
        45.5, 46.0, 46.5, 47.0, 47.0, 47.0, 47.0, 47.0, 47.0, 47.0, 47.0
    ],
    "Tensão (V)": [220] * 31,
    "Energia acumulada (Wh)": [
        0.0, 1.17, 3.33, 6.17, 10.00, 14.00, 17.86, 21.53, 24.93, 28.11,
        31.17, 34.17, 37.08, 39.97, 42.85, 45.70, 48.53, 51.33, 54.10, 56.83,
        59.54, 62.26, 65.03, 67.81, 70.59, 73.37, 76.15, 78.93, 81.71, 84.49, 87.27
    ],
    "Fator de Potência": [0.95] * 31
}

anomalous_data = {
    "Tempo (s)": list(range(31)),
    "Potência (W)": [
        0, 6000, 9500, 12800, 15500, 16400, 17000, 16800, 16400, 16700,
        16600, 16800, 17000, 17100, 17300, 17400, 17500, 17400, 17600, 17900,
        18000, 17800, 17600, 17500, 17700, 17900, 17800, 18000, 18200, 18300, 18400
    ],
    "Corrente (A)": [
        0.0, 28.4, 45.3, 61.0, 75.2, 80.1, 83.1, 82.1, 80.1, 81.6,
        81.1, 82.1, 83.1, 83.6, 84.6, 85.0, 85.6, 85.1, 86.2, 87.6,
        88.0, 87.0, 86.1, 85.6, 86.6, 87.6, 87.1, 88.0, 89.0, 89.6, 90.1
    ],
    "Tensão (V)": [
        220, 220, 220, 220, 220, 220, 220, 220, 220, 220,
        220, 220, 220, 220, 220, 218, 217, 219, 221, 220,
        220, 220, 220, 220, 220, 220, 220, 220, 220, 220, 220
    ],
    "Energia acumulada (Wh)": [
        0.0, 1.67, 4.31, 8.89, 13.20, 17.76, 22.49, 27.17, 31.72, 36.36,
        40.97, 45.63, 50.36, 55.09, 59.88, 64.71, 69.57, 74.42, 79.32, 84.29,
        89.29, 94.24, 99.13, 104.00, 108.92, 113.89, 118.84, 123.84, 128.89, 133.94, 139.00
    ],
    "Fator de Potência": [0.90] * 31
}

df_normal = pd.DataFrame(normal_data)
df_anomalous = pd.DataFrame(anomalous_data)

df_normal.to_csv("ar_condicionado_normal.csv", index=False, encoding="utf-8-sig")
df_anomalous.to_csv("ar_condicionado_anomalo.csv", index=False, encoding="utf-8-sig")

print("Arquivos CSV gerados com sucesso!")
